HO467               A2727                        1         1        10         3         3         2         2         0    100.000
HO467               R15R                         1         2        10         3         2         2         4         1     66.667
HO467               9999                         1         3        10         3         2         2         0         0     66.667
HO467               56f                          1         4        10         5         1         2         0         0     20.000
HO467               1A02                         1         5        10         3         0         2         0         0      0.000
192SSe              A2727                        2         1        10         5         2         0         2         0     40.000
192SSe              R15R                         2         2        10         4         3         0         4         0     75.000
192SSe              9999                         2         3        10         4         3         0         0         0     75.000
192SSe              56f                          2         4        10         7         3         0         0         0     42.857
192SSe              1A02                         2         5        10         5         4         0         0         0     80.000
HO4D                A2727                        3         1        10         6         5         2         2         1     83.333
HO4D                R15R                         3         2        10         4         2         2         4         1     50.000
HO4D                9999                         3         3        10         5         3         2         0         0     60.000
HO4D                56f                          3         4        10         7         2         2         0         0     28.571
HO4D                1A02                         3         5        10         4         3         2         0         0     75.000
